0.0 10.198039027185569
0.005 10.339324442344374
0.01 10.442714214341391
0.015 10.505105417386023
0.02 10.52455362464219
0.025 10.500441450485722
0.03 10.4335335370236
0.035 10.325908556769988
0.04 10.180779867363889
0.045 10.002234320137994
0.05 9.794928864398871
0.055 9.563785369537165
0.06 9.31371695113202
0.065 9.049407437122607
0.07 8.775153190732745
0.075 8.494766136276018
0.08 8.211529887667988
0.085 7.928197445359825
0.09 7.647018299040706
0.095 7.36978396146955
0.1 7.097883046194359
0.105 6.832359311259672
0.11 6.573968210850365
0.115 6.32322923357303
0.12 6.080472613113552
0.125 5.845879910381798
0.13 5.619518557921894
0.135 5.401370806363354
0.14 5.191357690171117
0.145 4.989358693348711
0.15 4.795227788056323
0.155 4.608806470641276
0.16 4.42993435055386
0.165 4.2584577706991995
0.17 4.094236860241398
0.175 3.9371513463315315
0.18 3.7871053808457034
0.185 3.644031571632328
0.19 3.507894343750633
0.195 3.3786926931679306
0.2 3.2564623319677435
0.205 3.141277159625666
0.21 3.033249930077024
0.215 2.9325319221410635
0.22 2.839311367593713
0.225 2.7538103569913344
0.23 2.676279942593332
0.235 2.606993207773451
0.24 2.5462361902382327
0.245 2.494296743043913
0.25 2.4514516892273
